Wavenumber	B4C	B6.5C	Si-BC	Si	SiB6	Beta B
2742.567383	0.106013	0.144723	0.132545	0.343692	0.302474	0.270214
2740.360352	0.107846	0.145889	0.133727	0.345966	0.308286	0.269853
2738.152344	0.108063	0.144122	0.134946	0.350178	0.322763	0.274175
2735.944336	0.106468	0.140406	0.13766	0.357987	0.331569	0.271419
2733.735352	0.103966	0.134891	0.139317	0.361847	0.329495	0.270536
2731.525391	0.103208	0.131379	0.137562	0.367086	0.327553	0.270702
2729.31543	0.101446	0.134665	0.13555	0.366269	0.319099	0.275838
2727.104492	0.101794	0.136265	0.134083	0.370835	0.316682	0.279895
2724.892578	0.102853	0.140405	0.133575	0.369577	0.309825	0.279902
2722.680664	0.108675	0.141379	0.13446	0.368411	0.318375	0.27707
2720.467773	0.110721	0.137673	0.134486	0.364296	0.32491	0.274689
2718.254883	0.10829	0.134791	0.136642	0.361269	0.330478	0.269442
2716.040039	0.103664	0.129619	0.139943	0.35394	0.329124	0.265828
2713.826172	0.102443	0.125222	0.139363	0.351666	0.331611	0.269382
2711.610352	0.102301	0.126337	0.138799	0.345332	0.328024	0.275066
2709.394531	0.100663	0.122888	0.138641	0.350079	0.327245	0.273232
2707.177734	0.104564	0.1248	0.139493	0.356042	0.327356	0.273448
2704.960938	0.106645	0.123205	0.140615	0.363286	0.329778	0.270834
2702.742188	0.109528	0.121772	0.137677	0.36712	0.329873	0.266016
2700.524414	0.10891	0.123513	0.134554	0.36681	0.338188	0.272886
2698.304688	0.104727	0.121643	0.132329	0.367339	0.330931	0.271404
2696.084961	0.105914	0.118808	0.128943	0.365577	0.314904	0.275785
2693.864258	0.103983	0.122456	0.127591	0.360747	0.309902	0.277974
2691.643555	0.100881	0.122859	0.127898	0.359554	0.300864	0.271694
2689.421875	0.100683	0.126465	0.12868	0.365156	0.298736	0.260091
2687.199219	0.101385	0.127436	0.13185	0.371329	0.310335	0.254173
2684.976563	0.105514	0.125857	0.136762	0.37905	0.322384	0.253135
2682.75293	0.106754	0.123466	0.136036	0.381357	0.335856	0.262415
2680.52832	0.105726	0.122666	0.134063	0.380566	0.326659	0.266814
2678.303711	0.107954	0.123589	0.132133	0.371315	0.316481	0.272223
2676.078125	0.10845	0.125577	0.129533	0.364394	0.312639	0.28111
2673.852539	0.107507	0.126941	0.128305	0.364227	0.304791	0.282244
2671.625	0.105952	0.127697	0.126046	0.362544	0.306106	0.27816
2669.398438	0.108144	0.127191	0.129174	0.370352	0.31249	0.278518
2667.169922	0.109294	0.12592	0.133426	0.377923	0.319533	0.273977
2664.941406	0.108076	0.12524	0.130696	0.382966	0.320347	0.269011
2662.711914	0.108721	0.128092	0.130093	0.382452	0.321114	0.266086
2660.481445	0.107396	0.12814	0.133547	0.37617	0.316253	0.262427
2658.250977	0.111006	0.124804	0.136125	0.37284	0.302561	0.265696
2656.019531	0.106462	0.12547	0.135987	0.369745	0.300952	0.270247
2653.788086	0.105161	0.124708	0.138522	0.36432	0.300544	0.27193
2651.555664	0.103679	0.124708	0.139209	0.365185	0.308991	0.269646
2649.322266	0.103717	0.123619	0.137658	0.36247	0.320252	0.270298
2647.088867	0.10135	0.122422	0.134596	0.367418	0.322075	0.264155
2644.854492	0.103888	0.123245	0.133832	0.374608	0.334467	0.262503
2642.619141	0.101833	0.120482	0.136208	0.379875	0.33194	0.260649
2640.383789	0.107136	0.119459	0.136693	0.383995	0.327695	0.265105
2638.147461	0.106074	0.119718	0.136397	0.388648	0.326513	0.267928
2635.910156	0.108542	0.120982	0.137743	0.389573	0.314023	0.262286
2633.671875	0.110123	0.122552	0.136934	0.389753	0.308488	0.269246
2631.433594	0.109354	0.123047	0.135162	0.387914	0.300148	0.27318
2629.195313	0.106267	0.125271	0.135247	0.386407	0.30995	0.273778
2626.955078	0.103743	0.127582	0.137129	0.381105	0.316285	0.270134
2624.71582	0.102803	0.125967	0.136102	0.381168	0.314177	0.270969
2622.474609	0.105434	0.122417	0.134879	0.383586	0.317721	0.270119
2620.233398	0.109806	0.118592	0.135308	0.393129	0.317692	0.265683
2617.991211	0.111515	0.11882	0.137797	0.395589	0.313474	0.260082
2615.748047	0.112318	0.115604	0.13862	0.40027	0.309508	0.264987
2613.504883	0.106337	0.116069	0.140294	0.397741	0.300047	0.262144
2611.260742	0.10321	0.117969	0.142789	0.391509	0.316793	0.263344
2609.015625	0.100067	0.118453	0.145612	0.381972	0.314701	0.25597
2606.770508	0.098073	0.119918	0.14288	0.382939	0.309244	0.25747
2604.524414	0.100587	0.118637	0.14033	0.386209	0.312476	0.257075
2602.27832	0.103768	0.118774	0.140681	0.39511	0.313494	0.255166
2600.03125	0.108627	0.121593	0.139502	0.398359	0.316331	0.257306
2597.783203	0.11057	0.119514	0.136903	0.398426	0.310235	0.262482
2595.53418	0.108138	0.121679	0.138387	0.394233	0.303774	0.258292
2593.285156	0.107574	0.123335	0.138352	0.397143	0.312149	0.258718
2591.035156	0.106342	0.124904	0.136931	0.391621	0.312462	0.254503
2588.785156	0.104401	0.123952	0.13707	0.388671	0.302296	0.258292
2586.533203	0.105673	0.122244	0.137682	0.393105	0.296651	0.260556
2584.282227	0.101434	0.11781	0.136313	0.394944	0.295344	0.261247
2582.029297	0.103156	0.115235	0.132871	0.396416	0.299719	0.264067
2579.776367	0.09997	0.10936	0.132773	0.394638	0.290112	0.26617
2577.522461	0.094497	0.109052	0.136369	0.397672	0.301248	0.25759
2575.268555	0.090701	0.110665	0.13934	0.410363	0.308589	0.258262
2573.013672	0.09096	0.112358	0.139287	0.410366	0.315338	0.250208
2570.757813	0.09446	0.112955	0.142646	0.408871	0.31443	0.252863
2568.501953	0.099795	0.117235	0.143336	0.410397	0.316086	0.250925
2566.244141	0.101694	0.117946	0.141428	0.404855	0.316095	0.252042
2563.987305	0.100866	0.117517	0.140123	0.395892	0.317262	0.256104
2561.728516	0.096628	0.11358	0.139517	0.38846	0.311156	0.261983
2559.469727	0.092309	0.113124	0.140399	0.389166	0.308014	0.265096
2557.209961	0.087421	0.111189	0.137642	0.390543	0.3032	0.272585
2554.950195	0.0872	0.107341	0.134057	0.392774	0.302391	0.276257
2552.689453	0.090526	0.105348	0.132024	0.393525	0.299993	0.282113
2550.427734	0.098435	0.10712	0.132329	0.395232	0.308567	0.278961
2548.166016	0.105522	0.107283	0.131324	0.396891	0.306665	0.276912
2545.90332	0.10542	0.109586	0.132488	0.397556	0.310376	0.277133
2543.639648	0.104818	0.112132	0.136315	0.398078	0.312003	0.279087
2541.375977	0.10183	0.11315	0.138639	0.402055	0.309651	0.279821
2539.111328	0.097063	0.112988	0.138641	0.403262	0.312799	0.279375
2536.845703	0.09605	0.110617	0.137556	0.403935	0.302856	0.275654
2534.580078	0.098002	0.109647	0.137885	0.403769	0.300637	0.266381
2532.313477	0.102869	0.107557	0.137935	0.409143	0.308666	0.26063
2530.045898	0.105252	0.106114	0.133678	0.41463	0.311552	0.260834
2527.777344	0.103628	0.109901	0.131241	0.42079	0.313789	0.259824
2525.508789	0.10151	0.109236	0.131864	0.414702	0.306439	0.267363
2523.240234	0.097847	0.107418	0.130768	0.414755	0.304858	0.27522
2520.969727	0.093574	0.107691	0.133554	0.408729	0.304997	0.272464
2518.699219	0.092501	0.107952	0.135866	0.405317	0.296794	0.27389
2516.428711	0.095049	0.108932	0.139383	0.404569	0.300554	0.263622
2514.15625	0.100633	0.10865	0.140817	0.406077	0.302707	0.264118
2511.883789	0.100451	0.107972	0.139757	0.409677	0.307036	0.261564
2509.611328	0.101431	0.110351	0.137372	0.41514	0.302802	0.268875
2507.336914	0.099076	0.107241	0.135722	0.409676	0.295411	0.269998
2505.0625	0.097731	0.109567	0.134166	0.406842	0.292006	0.27204
2502.788086	0.094993	0.110243	0.135576	0.411634	0.289447	0.275214
2500.511719	0.090041	0.108125	0.13576	0.42267	0.29727	0.281277
2498.235352	0.091129	0.10808	0.13845	0.428674	0.297223	0.278606
2495.958008	0.09607	0.104742	0.141576	0.427602	0.298447	0.277588
2493.680664	0.094029	0.104536	0.140159	0.431385	0.30552	0.274371
2491.402344	0.09262	0.109941	0.138586	0.430808	0.302092	0.279406
2489.123047	0.090417	0.109384	0.135604	0.426282	0.312406	0.269096
2486.84375	0.094802	0.112406	0.134808	0.421575	0.31074	0.265513
2484.563477	0.096232	0.11106	0.137179	0.428419	0.313033	0.269604
2482.282227	0.095809	0.107944	0.137395	0.432065	0.332737	0.270403
2480.000977	0.097079	0.108227	0.142883	0.434598	0.321478	0.269748
2477.71875	0.099034	0.103193	0.147729	0.43154	0.324443	0.268556
2475.435547	0.098042	0.105279	0.147257	0.441245	0.318038	0.275374
2473.152344	0.096698	0.105149	0.143691	0.43928	0.307355	0.276884
2470.868164	0.095986	0.103068	0.138109	0.443341	0.313668	0.274682
2468.583008	0.099197	0.10247	0.136064	0.436726	0.308354	0.274262
2466.297852	0.097981	0.100952	0.134328	0.426965	0.314446	0.275732
2464.010742	0.097806	0.101348	0.132329	0.423476	0.322863	0.275892
2461.724609	0.094846	0.102077	0.133465	0.418038	0.311965	0.277513
2459.436523	0.092692	0.101099	0.135487	0.42208	0.316714	0.287099
2457.148438	0.091309	0.098	0.135311	0.427878	0.312529	0.291956
2454.859375	0.092809	0.096424	0.135419	0.42906	0.307481	0.295996
2452.570313	0.09349	0.097553	0.136424	0.432102	0.314532	0.29574
2450.280273	0.094715	0.097398	0.13613	0.429105	0.315719	0.300618
2447.989258	0.093252	0.09963	0.136184	0.424151	0.316361	0.298501
2445.698242	0.092043	0.098423	0.138093	0.429061	0.318944	0.293823
2443.40625	0.095404	0.099272	0.1377	0.430752	0.311833	0.294944
2441.113281	0.096605	0.098541	0.137023	0.440527	0.309967	0.293796
2438.819336	0.098745	0.097451	0.136952	0.438155	0.305961	0.284566
2436.525391	0.102132	0.101148	0.140132	0.436831	0.300085	0.276367
2434.230469	0.102519	0.099872	0.141402	0.432836	0.300499	0.274331
2431.935547	0.100299	0.100432	0.143251	0.432746	0.299704	0.276415
2429.639648	0.095566	0.100346	0.148347	0.424537	0.307947	0.275343
2427.342773	0.089858	0.095208	0.147869	0.421433	0.319551	0.27236
2425.044922	0.084329	0.094878	0.147745	0.418034	0.32164	0.27747
2422.74707	0.084205	0.091254	0.145303	0.419672	0.317017	0.280305
2420.448242	0.082733	0.09152	0.142821	0.421895	0.312516	0.279679
2418.149414	0.085106	0.092674	0.140468	0.425889	0.309427	0.275674
2415.849609	0.088581	0.090565	0.13715	0.43697	0.297225	0.278075
2413.548828	0.088072	0.091645	0.136684	0.4452	0.28684	0.280951
2411.24707	0.088527	0.089552	0.137753	0.444612	0.288762	0.286167
2408.945313	0.091823	0.090834	0.140118	0.448383	0.298084	0.288438
2406.642578	0.089113	0.090672	0.143272	0.445977	0.309945	0.295791
2404.338867	0.089825	0.089681	0.144597	0.447577	0.318116	0.297767
2402.035156	0.084955	0.090751	0.143338	0.444095	0.322833	0.291331
2399.730469	0.084893	0.09126	0.142787	0.440414	0.326318	0.28412
2397.425781	0.082886	0.090181	0.141921	0.438967	0.3242	0.280742
2395.119141	0.080772	0.088984	0.141977	0.430021	0.308868	0.288957
2392.8125	0.081353	0.086396	0.140777	0.424432	0.295949	0.289717
2390.505859	0.088781	0.087502	0.141234	0.422646	0.300035	0.292293
2388.197266	0.089933	0.081956	0.139706	0.419537	0.301744	0.289699
2385.888672	0.09077	0.081387	0.140439	0.431043	0.302867	0.287511
2383.580078	0.087615	0.084623	0.141793	0.437169	0.299769	0.279686
2381.269531	0.081924	0.087177	0.143236	0.440235	0.310739	0.272684
2378.958984	0.078739	0.0866	0.14556	0.44318	0.312785	0.272764
2376.648438	0.080192	0.086108	0.146445	0.436813	0.313274	0.283954
2374.335938	0.079534	0.087553	0.142213	0.437537	0.309214	0.274928
2372.023438	0.082131	0.08663	0.141416	0.43704	0.324608	0.274626
2369.708984	0.081563	0.082575	0.139365	0.433616	0.31803	0.266655
2367.396484	0.081157	0.081709	0.138244	0.439803	0.315871	0.266087
2365.082031	0.07776	0.084006	0.138196	0.437222	0.314373	0.262042
2362.765625	0.072785	0.086989	0.138226	0.433473	0.317277	0.26125
2360.449219	0.072115	0.086503	0.13743	0.432664	0.314555	0.266406
2358.132813	0.075972	0.084536	0.135294	0.431369	0.317828	0.268423
2355.816406	0.079004	0.087777	0.136649	0.438851	0.319272	0.252625
2353.498047	0.080957	0.088342	0.140628	0.44606	0.33052	0.244287
2351.179688	0.083707	0.088624	0.140559	0.451092	0.324386	0.240894
2348.859375	0.085621	0.085733	0.141786	0.453577	0.326993	0.241766
2346.541016	0.084862	0.086045	0.141658	0.445016	0.320293	0.245418
2344.220703	0.083245	0.084481	0.141484	0.440381	0.326907	0.251612
2341.898438	0.079862	0.080531	0.139249	0.437493	0.328699	0.260807
2339.576172	0.076379	0.075895	0.13639	0.439329	0.325263	0.269884
2337.253906	0.074105	0.075585	0.139111	0.442753	0.329961	0.266429
2334.929688	0.073643	0.076738	0.13932	0.448873	0.329237	0.263973
2332.607422	0.077376	0.080764	0.138433	0.460325	0.33429	0.27216
2330.28125	0.084983	0.085431	0.143103	0.469772	0.347116	0.280685
2327.957031	0.089053	0.090775	0.147414	0.469773	0.351624	0.288012
2325.630859	0.091125	0.0931	0.147784	0.472558	0.365037	0.286719
2323.304688	0.091705	0.092523	0.146111	0.46678	0.363957	0.283438
2320.976563	0.089088	0.089837	0.142489	0.45761	0.348254	0.283753
2318.648438	0.083728	0.084457	0.141569	0.449692	0.334523	0.270915
2316.320313	0.080812	0.081235	0.14048	0.448048	0.313834	0.257515
2313.990234	0.078738	0.079444	0.138579	0.451877	0.308014	0.250903
2311.660156	0.079493	0.079483	0.140165	0.458558	0.314159	0.250193
2309.330078	0.079326	0.080833	0.143014	0.464416	0.318644	0.260583
2306.998047	0.078662	0.081314	0.141855	0.467105	0.324119	0.266746
2304.666016	0.079415	0.081398	0.141037	0.461175	0.335534	0.268337
2302.333984	0.083023	0.08084	0.139824	0.459689	0.333358	0.269729
2300	0.080996	0.077296	0.139481	0.458541	0.32698	0.261104
2297.666016	0.08494	0.076639	0.141615	0.460783	0.324	0.253604
2295.332031	0.085929	0.075937	0.141706	0.456072	0.326911	0.256688
2292.996094	0.081523	0.07508	0.139081	0.45571	0.327736	0.251441
2290.660156	0.083388	0.074492	0.139463	0.458379	0.322967	0.25494
2288.324219	0.083281	0.07287	0.140231	0.455356	0.315416	0.254049
2285.986328	0.081493	0.07199	0.141165	0.45634	0.311251	0.247516
2283.648438	0.082812	0.072174	0.140728	0.455314	0.303436	0.246535
2281.310547	0.083435	0.072951	0.139451	0.454841	0.300136	0.245292
2278.970703	0.087335	0.076022	0.141351	0.455736	0.30966	0.252395
2276.630859	0.089663	0.07807	0.141715	0.454399	0.313298	0.263008
2274.289063	0.089843	0.079216	0.140015	0.459221	0.318584	0.269016
2271.947266	0.092954	0.077425	0.140501	0.461455	0.31518	0.27088
2269.605469	0.094072	0.075753	0.142062	0.466013	0.310394	0.269887
2267.263672	0.094518	0.07454	0.143557	0.46949	0.301921	0.262987
2264.919922	0.093039	0.073176	0.144001	0.46772	0.292274	0.260199
2262.576172	0.091634	0.07202	0.142861	0.466132	0.302038	0.25461
2260.230469	0.093494	0.073738	0.14642	0.464264	0.305777	0.256133
2257.884766	0.098764	0.076554	0.146676	0.465267	0.310235	0.257869
2255.539063	0.10014	0.079144	0.14855	0.466366	0.311579	0.270709
2253.191406	0.098344	0.07938	0.15001	0.469256	0.302699	0.274829
2250.84375	0.097787	0.081983	0.150632	0.47564	0.305638	0.273023
2248.496094	0.095283	0.084278	0.1536	0.477773	0.302471	0.270395
2246.146484	0.094256	0.080423	0.155241	0.482934	0.299155	0.272661
2243.796875	0.093002	0.07817	0.153914	0.481983	0.308236	0.270331
2241.447266	0.097928	0.078273	0.153646	0.479978	0.306177	0.274136
2239.095703	0.103889	0.08012	0.15226	0.478291	0.311824	0.280431
2236.744141	0.107266	0.08027	0.155356	0.470388	0.304362	0.285049
2234.392578	0.106631	0.081482	0.154784	0.468151	0.291597	0.282355
2232.039063	0.106816	0.082882	0.152417	0.469452	0.298395	0.277078
2229.685547	0.107647	0.08231	0.153773	0.468024	0.301738	0.274836
2227.332031	0.11243	0.080036	0.15239	0.469651	0.308165	0.278368
2224.976563	0.11233	0.077544	0.149285	0.473493	0.316759	0.28022
2222.621094	0.113251	0.079698	0.1512	0.478072	0.311705	0.283313
2220.263672	0.113457	0.081806	0.154898	0.47768	0.308635	0.28448
2217.90625	0.115055	0.08349	0.160684	0.472001	0.301824	0.286021
2215.548828	0.112444	0.084638	0.161458	0.475825	0.298676	0.284765
2213.191406	0.118001	0.08466	0.16166	0.476658	0.310482	0.281981
2210.832031	0.120731	0.087855	0.161002	0.47924	0.320351	0.278642
2208.472656	0.124534	0.089862	0.160431	0.48537	0.326466	0.279016
2206.111328	0.122888	0.088958	0.159116	0.490945	0.337436	0.281601
2203.75	0.119311	0.093232	0.163596	0.494585	0.327326	0.28302
2201.388672	0.117572	0.091471	0.164088	0.491106	0.325806	0.278149
2199.025391	0.118225	0.091045	0.166085	0.483559	0.322179	0.283706
2196.662109	0.118075	0.089232	0.166265	0.480384	0.320153	0.291926
2194.298828	0.121455	0.092668	0.168816	0.477479	0.32121	0.291799
2191.933594	0.122607	0.096315	0.169879	0.481802	0.316665	0.294475
2189.568359	0.122883	0.099267	0.172225	0.487452	0.315725	0.300268
2187.203125	0.123103	0.098195	0.171859	0.490189	0.322469	0.299987
2184.835938	0.122656	0.09936	0.173333	0.492137	0.333967	0.298802
2182.46875	0.125538	0.098666	0.170802	0.495172	0.345713	0.292999
2180.099609	0.126342	0.099171	0.169965	0.495232	0.34234	0.288242
2177.732422	0.12809	0.098496	0.171797	0.498127	0.337482	0.29524
2175.361328	0.131317	0.101917	0.174802	0.498211	0.327717	0.288341
2172.992188	0.131086	0.103508	0.17438	0.495099	0.313414	0.287052
2170.621094	0.130642	0.10668	0.17774	0.490378	0.29496	0.296715
2168.25	0.13126	0.107375	0.180668	0.488999	0.291988	0.29278
2165.876953	0.128558	0.109677	0.186051	0.484715	0.311883	0.290471
2163.503906	0.127002	0.111659	0.18829	0.489387	0.314647	0.286981
2161.130859	0.123264	0.110378	0.190282	0.500088	0.311634	0.28014
2158.755859	0.124643	0.106311	0.191772	0.505494	0.31933	0.280346
2156.380859	0.126282	0.105045	0.190801	0.504195	0.315732	0.277382
2154.005859	0.120975	0.104797	0.186753	0.50756	0.31139	0.279056
2151.628906	0.123777	0.104716	0.186602	0.50689	0.306323	0.285493
2149.251953	0.125154	0.104094	0.187055	0.507097	0.316843	0.288304
2146.875	0.126184	0.106833	0.188022	0.49952	0.32977	0.291257
2144.496094	0.128961	0.110187	0.185865	0.50061	0.329572	0.297416
2142.117188	0.135721	0.112348	0.185899	0.502487	0.33194	0.298516
2139.738281	0.137768	0.114302	0.186342	0.498014	0.332953	0.299394
2137.357422	0.135865	0.118074	0.186808	0.497635	0.329401	0.299624
2134.976563	0.132325	0.12017	0.187825	0.499298	0.327657	0.294997
2132.59375	0.133	0.120075	0.188379	0.500416	0.3347	0.295607
2130.210938	0.129585	0.115781	0.189782	0.50344	0.336227	0.298577
2127.828125	0.128699	0.11534	0.188835	0.505567	0.328613	0.299057
2125.443359	0.127668	0.112463	0.188242	0.513469	0.325241	0.303702
2123.060547	0.131115	0.112223	0.187797	0.515321	0.32613	0.305156
2120.673828	0.126868	0.11503	0.18865	0.512351	0.317011	0.298163
2118.289063	0.124064	0.121008	0.189423	0.514022	0.323853	0.29002
2115.902344	0.122913	0.124887	0.191939	0.514339	0.326838	0.285094
2113.513672	0.123883	0.126727	0.193231	0.516134	0.332489	0.286876
2111.125	0.12125	0.1225	0.193843	0.517446	0.338499	0.283468
2108.736328	0.122482	0.117251	0.193847	0.519695	0.332368	0.284354
2106.347656	0.11875	0.109745	0.189235	0.521037	0.335641	0.288138
2103.957031	0.118473	0.107389	0.183711	0.522551	0.335633	0.291493
2101.566406	0.117271	0.107258	0.182176	0.514489	0.33068	0.288842
2099.173828	0.115622	0.108316	0.179681	0.514789	0.332637	0.283297
2096.783203	0.112551	0.110159	0.181584	0.511177	0.331837	0.285553
2094.388672	0.109785	0.114469	0.183748	0.511714	0.333429	0.286808
2091.996094	0.10621	0.111785	0.186448	0.511778	0.337424	0.289898
2089.601563	0.103227	0.111969	0.190057	0.516952	0.334735	0.292947
2087.205078	0.097068	0.113202	0.185843	0.522804	0.332764	0.296325
2084.810547	0.094593	0.114104	0.186152	0.524042	0.317901	0.296842
2082.414063	0.092943	0.112254	0.187404	0.517376	0.31173	0.288874
2080.015625	0.091994	0.108222	0.18483	0.515897	0.298283	0.280869
2077.619141	0.092489	0.105462	0.18502	0.509575	0.308755	0.282445
2075.21875	0.094354	0.101629	0.182231	0.510213	0.310355	0.283286
2072.820313	0.09484	0.09717	0.182354	0.506903	0.322496	0.282473
2070.419922	0.094359	0.097785	0.180049	0.510918	0.330493	0.284232
2068.019531	0.091031	0.09955	0.178309	0.513239	0.33412	0.284826
2065.617188	0.088463	0.100939	0.178235	0.511191	0.325143	0.282044
2063.216797	0.089239	0.102963	0.178146	0.512048	0.333228	0.27519
2060.8125	0.08637	0.102726	0.178926	0.515111	0.328737	0.274896
2058.410156	0.086774	0.10023	0.177327	0.516435	0.325009	0.27303
2056.005859	0.087684	0.097116	0.174501	0.51552	0.313379	0.270347
2053.599609	0.088337	0.094831	0.173873	0.519252	0.325695	0.270879
2051.195313	0.087109	0.08955	0.170808	0.523128	0.318322	0.276851
2048.789063	0.082134	0.086989	0.172193	0.523325	0.318176	0.281953
2046.380859	0.080653	0.086803	0.171087	0.525697	0.316346	0.284126
2043.972656	0.086635	0.08816	0.172068	0.525167	0.326572	0.280739
2041.564453	0.086282	0.086848	0.175285	0.524271	0.315634	0.283774
2039.15625	0.089861	0.086269	0.173315	0.522656	0.305969	0.280122
2036.746094	0.091285	0.087319	0.17191	0.525959	0.311009	0.27547
2034.335938	0.09191	0.08645	0.169738	0.53782	0.321656	0.274294
2031.923828	0.087167	0.083042	0.16955	0.541133	0.321929	0.26864
2029.511719	0.081955	0.083714	0.172458	0.543563	0.330394	0.263381
2027.099609	0.07501	0.082743	0.170056	0.543156	0.337387	0.255485
2024.685547	0.079536	0.084203	0.171581	0.538482	0.336598	0.251118
2022.271484	0.081855	0.081177	0.173121	0.535893	0.31914	0.254134
2019.857422	0.086233	0.082116	0.170685	0.532846	0.320097	0.258446
2017.441406	0.087081	0.081491	0.167376	0.530684	0.326814	0.262947
2015.025391	0.085833	0.080461	0.163673	0.53286	0.317901	0.267858
2012.607422	0.083204	0.077155	0.163648	0.528297	0.320994	0.264556
2010.189453	0.080618	0.075106	0.162983	0.523465	0.322836	0.260321
2007.771484	0.077169	0.072185	0.159996	0.526249	0.329576	0.257819
2005.351563	0.081338	0.074017	0.159982	0.530691	0.324659	0.258981
2002.933594	0.082545	0.073873	0.157981	0.539597	0.313925	0.26114
2000.511719	0.082714	0.075583	0.156501	0.539061	0.299301	0.260981
1998.089844	0.084243	0.077474	0.15861	0.543303	0.304617	0.26456
1995.667969	0.084164	0.077806	0.160759	0.549546	0.297399	0.271279
1993.246094	0.081623	0.080113	0.16345	0.547716	0.301217	0.268353
1990.822266	0.080865	0.076904	0.163616	0.542678	0.303893	0.265274
1988.398438	0.081852	0.074045	0.165789	0.541839	0.31622	0.254911
1985.974609	0.079566	0.072236	0.16618	0.538807	0.322057	0.251802
1983.548828	0.077649	0.069702	0.167088	0.532305	0.322917	0.257619
1981.121094	0.081733	0.068966	0.167724	0.52805	0.308895	0.256217
1978.695313	0.087437	0.068154	0.169134	0.53617	0.323136	0.265344
1976.267578	0.08876	0.069111	0.16701	0.538949	0.321083	0.273038
1973.839844	0.087969	0.071661	0.164324	0.543807	0.322719	0.27601
1971.410156	0.086877	0.067556	0.163125	0.543335	0.322919	0.276615
1968.980469	0.085491	0.069126	0.165113	0.542355	0.323499	0.270505
1966.548828	0.083527	0.071792	0.168121	0.536999	0.327451	0.272516
1964.117188	0.083874	0.073954	0.171602	0.528129	0.331055	0.279073
1961.685547	0.090594	0.075873	0.171937	0.534096	0.328442	0.280491
1959.253906	0.091927	0.075991	0.172827	0.536142	0.330152	0.2792
1956.820313	0.0895	0.074614	0.171236	0.535744	0.327981	0.273814
1954.386719	0.086202	0.069976	0.1705	0.537443	0.330432	0.270106
1951.951172	0.083251	0.063427	0.173224	0.538181	0.331001	0.265283
1949.515625	0.082345	0.064096	0.17468	0.539806	0.331355	0.262111
1947.078125	0.084196	0.066192	0.174305	0.540798	0.336713	0.26317
1944.642578	0.086451	0.066966	0.173451	0.538981	0.329475	0.266829
1942.205078	0.090488	0.068449	0.173054	0.542445	0.326123	0.268119
1939.765625	0.093852	0.074342	0.172597	0.543278	0.31896	0.267335
1937.326172	0.095801	0.075501	0.173267	0.542832	0.317885	0.276699
1934.886719	0.095765	0.076582	0.175918	0.540684	0.320466	0.281804
1932.445313	0.098484	0.075715	0.178584	0.544379	0.321407	0.277703
1930.003906	0.097459	0.07331	0.18014	0.548452	0.325832	0.271227
1927.5625	0.099298	0.072761	0.180134	0.552979	0.324688	0.266066
1925.119141	0.097768	0.071937	0.178634	0.554379	0.315806	0.259358
1922.675781	0.097614	0.071419	0.177987	0.554664	0.325435	0.254248
1920.232422	0.099301	0.074591	0.177598	0.562819	0.321159	0.253599
1917.787109	0.100603	0.073504	0.1769	0.559172	0.320141	0.262137
1915.341797	0.100379	0.073028	0.177053	0.555262	0.325959	0.263777
1912.894531	0.101561	0.070153	0.177456	0.557974	0.321425	0.265761
1910.447266	0.100135	0.065984	0.181536	0.555941	0.325928	0.268365
1908	0.101918	0.063927	0.186724	0.556168	0.323987	0.27508
1905.550781	0.101134	0.062242	0.189113	0.558527	0.330727	0.277368
1903.101563	0.103316	0.064083	0.192238	0.559833	0.3408	0.276501
1900.652344	0.106804	0.06719	0.194173	0.567867	0.338391	0.272845
1898.201172	0.108418	0.067958	0.191617	0.569385	0.34094	0.270478
1895.75	0.107859	0.071761	0.187536	0.567916	0.337258	0.268066
1893.296875	0.109241	0.071166	0.183442	0.572528	0.330324	0.268036
1890.84375	0.103833	0.073539	0.181388	0.570186	0.330963	0.266427
1888.390625	0.103381	0.072621	0.181249	0.568083	0.326433	0.263441
1885.935547	0.10007	0.074025	0.182124	0.562317	0.337243	0.262888
1883.480469	0.101297	0.075006	0.182935	0.558489	0.345089	0.261202
1881.025391	0.104557	0.0725	0.184225	0.554902	0.341432	0.259842
1878.568359	0.106118	0.069103	0.186512	0.556992	0.339795	0.263291
1876.111328	0.109679	0.068487	0.186778	0.553963	0.329602	0.270868
1873.654297	0.111143	0.065714	0.187215	0.558633	0.324093	0.280963
1871.195313	0.10638	0.066454	0.185864	0.55586	0.318242	0.280808
1868.734375	0.107172	0.065653	0.187178	0.559754	0.310472	0.278054
1866.275391	0.103806	0.067299	0.190632	0.563475	0.315366	0.2779
1863.814453	0.106435	0.065887	0.192094	0.56473	0.330108	0.280804
1861.351563	0.104876	0.067186	0.194441	0.56896	0.331436	0.280288
1858.890625	0.103728	0.069081	0.19734	0.574574	0.33701	0.278375
1856.425781	0.103691	0.07093	0.199742	0.570364	0.338965	0.276691
1853.962891	0.103945	0.070578	0.199725	0.5634	0.335685	0.275177
1851.498047	0.105062	0.071998	0.196938	0.556364	0.338421	0.268243
1849.033203	0.110466	0.069451	0.195625	0.566849	0.337493	0.270856
1846.566406	0.116684	0.067493	0.194331	0.566813	0.332927	0.266761
1844.099609	0.121627	0.063811	0.192213	0.559974	0.340007	0.271655
1841.632813	0.119493	0.063096	0.190158	0.569034	0.338133	0.275846
1839.164063	0.11537	0.061474	0.190174	0.570273	0.34257	0.276251
1836.695313	0.108888	0.060922	0.190992	0.566098	0.338448	0.280786
1834.224609	0.106185	0.061753	0.191025	0.562355	0.323182	0.285304
1831.753906	0.103716	0.066296	0.192919	0.562405	0.329698	0.288694
1829.283203	0.103213	0.067281	0.194665	0.574026	0.327493	0.294523
1826.810547	0.103351	0.067555	0.199063	0.572164	0.319596	0.291855
1824.337891	0.106033	0.064333	0.198513	0.564479	0.320243	0.280859
1821.865234	0.107144	0.062012	0.196276	0.572225	0.318241	0.276844
1819.390625	0.106264	0.057501	0.195607	0.57026	0.332554	0.274231
1816.916016	0.105286	0.056594	0.19614	0.569619	0.329742	0.276517
1814.439453	0.105226	0.057702	0.197644	0.570989	0.324883	0.281955
1811.962891	0.102875	0.060458	0.19878	0.568594	0.328875	0.285152
1809.486328	0.101013	0.062558	0.199353	0.568593	0.319052	0.284055
1807.007813	0.0984	0.063854	0.200552	0.570896	0.31236	0.284371
1804.529297	0.098057	0.061828	0.197893	0.575267	0.307226	0.269915
1802.050781	0.093937	0.059636	0.196342	0.58167	0.306283	0.266956
1799.570313	0.090255	0.05948	0.196439	0.581575	0.316043	0.265948
1797.089844	0.089071	0.058379	0.196143	0.580062	0.319188	0.267316
1794.607422	0.09145	0.058131	0.195274	0.582326	0.319664	0.27335
1792.125	0.093186	0.057197	0.19083	0.575195	0.322274	0.281145
1789.642578	0.096501	0.059463	0.189623	0.568125	0.325931	0.2853
1787.158203	0.096128	0.061069	0.188888	0.570287	0.330778	0.284694
1784.673828	0.093732	0.05808	0.188748	0.57071	0.3323	0.28205
1782.1875	0.090873	0.056282	0.193076	0.564447	0.334141	0.278175
1779.703125	0.086526	0.058945	0.194806	0.561843	0.328391	0.276107
1777.214844	0.085075	0.05736	0.194697	0.556495	0.328042	0.277863
1774.728516	0.087995	0.056706	0.193837	0.561705	0.314963	0.283843
1772.240234	0.089442	0.054714	0.192593	0.562991	0.31779	0.289881
1769.75	0.087092	0.055516	0.193252	0.566239	0.333104	0.292781
1767.259766	0.085715	0.052651	0.191983	0.567591	0.341726	0.291731
1764.769531	0.08558	0.049737	0.18816	0.562055	0.345667	0.29774
1762.279297	0.082401	0.051088	0.190132	0.553196	0.344285	0.289643
1759.787109	0.081305	0.052433	0.190022	0.555257	0.334742	0.286235
1757.294922	0.080379	0.052561	0.189583	0.556183	0.330779	0.277844
1754.800781	0.077869	0.053557	0.190076	0.566099	0.316487	0.278473
1752.306641	0.075889	0.054048	0.191633	0.580359	0.318747	0.278673
1749.810547	0.072416	0.055194	0.192615	0.591024	0.329779	0.28144
1747.314453	0.071031	0.051726	0.190376	0.595571	0.331592	0.283817
1744.818359	0.071555	0.050159	0.186257	0.59611	0.329023	0.290793
1742.322266	0.07025	0.049808	0.186019	0.590872	0.318354	0.285005
1739.824219	0.072849	0.050115	0.185072	0.582201	0.31544	0.287978
1737.324219	0.075372	0.047736	0.184748	0.577071	0.307709	0.277453
1734.824219	0.076554	0.04766	0.189325	0.574999	0.309927	0.27663
1732.324219	0.080503	0.046929	0.191895	0.576326	0.325566	0.277485
1729.824219	0.083741	0.050644	0.19526	0.57937	0.343188	0.280539
1727.322266	0.081742	0.051362	0.194664	0.586242	0.356883	0.283466
1724.818359	0.082938	0.050012	0.191793	0.591927	0.363488	0.293226
1722.316406	0.08448	0.048455	0.187485	0.595637	0.346228	0.294003
1719.8125	0.083845	0.049612	0.186351	0.598553	0.337876	0.29781
1717.306641	0.081375	0.048801	0.186728	0.601142	0.315588	0.293694
1714.800781	0.076558	0.049084	0.190569	0.598678	0.310597	0.290649
1712.294922	0.07466	0.050756	0.192213	0.595878	0.316692	0.291698
1709.787109	0.072975	0.055258	0.192623	0.586356	0.317901	0.288986
1707.279297	0.069061	0.056631	0.190983	0.580501	0.332013	0.288616
1704.771484	0.072089	0.052512	0.186	0.567448	0.34362	0.290251
1702.261719	0.074952	0.051517	0.180694	0.567561	0.33978	0.284091
1699.751953	0.072527	0.049089	0.181623	0.576285	0.338098	0.285214
1697.240234	0.06861	0.045342	0.181821	0.574965	0.330262	0.279003
1694.728516	0.062277	0.042261	0.181526	0.579136	0.324527	0.277308
1692.216797	0.061492	0.043308	0.182169	0.584842	0.328869	0.282597
1689.703125	0.061785	0.041017	0.181072	0.578808	0.324599	0.281244
1687.189453	0.063735	0.040615	0.180625	0.58031	0.329732	0.281553
1684.675781	0.067812	0.040462	0.179319	0.576913	0.328066	0.283725
1682.160156	0.072518	0.045563	0.178343	0.584595	0.330086	0.278962
1679.644531	0.071256	0.044085	0.180421	0.594068	0.32945	0.284277
1677.126953	0.072616	0.039662	0.183745	0.589419	0.328178	0.279251
1674.609375	0.07176	0.038752	0.185904	0.592316	0.324298	0.277188
1672.089844	0.071047	0.03858	0.187876	0.585152	0.33224	0.278896
1669.572266	0.068218	0.036815	0.189467	0.576623	0.339214	0.280675
1667.050781	0.0652	0.037547	0.188002	0.572648	0.339123	0.280887
1664.53125	0.062838	0.040619	0.186649	0.572898	0.339251	0.282854
1662.009766	0.06518	0.042639	0.184152	0.57878	0.339951	0.278711
1659.486328	0.061766	0.042474	0.18334	0.580356	0.337671	0.281835
1656.962891	0.062169	0.040586	0.186664	0.576603	0.336651	0.282475
1654.439453	0.066951	0.041767	0.188372	0.581468	0.332911	0.27214
1651.916016	0.066673	0.042337	0.188268	0.577642	0.331985	0.26661
1649.390625	0.065695	0.041182	0.190094	0.57969	0.33798	0.270076
1646.863281	0.068913	0.041492	0.187971	0.578482	0.337062	0.271348
1644.337891	0.072404	0.042767	0.188622	0.583687	0.331036	0.266175
1641.808594	0.073959	0.03831	0.188218	0.589785	0.319961	0.269627
1639.28125	0.072631	0.037769	0.186348	0.590617	0.305479	0.278575
1636.751953	0.074477	0.037098	0.183569	0.593914	0.307661	0.280114
1634.222656	0.078542	0.03645	0.180896	0.597416	0.30408	0.273264
1631.691406	0.078113	0.036322	0.177718	0.598293	0.306661	0.272799
1629.160156	0.076643	0.037439	0.178396	0.588972	0.3249	0.278637
1626.626953	0.080044	0.042171	0.177566	0.578341	0.338466	0.28372
1624.09375	0.080913	0.042389	0.180749	0.575107	0.342065	0.282268
1621.560547	0.08188	0.041435	0.186359	0.576717	0.343222	0.290847
1619.025391	0.083597	0.042258	0.188646	0.58004	0.334518	0.298237
1616.490234	0.085371	0.041189	0.189654	0.592208	0.332014	0.295193
1613.955078	0.086759	0.03907	0.192892	0.596803	0.323687	0.290349
1611.417969	0.087535	0.037947	0.193594	0.600036	0.316982	0.283858
1608.880859	0.086464	0.038827	0.19393	0.591521	0.324043	0.278561
1606.341797	0.090265	0.0392	0.193133	0.585349	0.331302	0.274675
1603.802734	0.093728	0.036096	0.192239	0.580601	0.341628	0.275027
1601.261719	0.096744	0.039036	0.192907	0.580286	0.354523	0.273857
1598.720703	0.097454	0.04079	0.189626	0.580913	0.359826	0.277492
1596.179688	0.097726	0.039652	0.188434	0.58555	0.357273	0.276228
1593.638672	0.099658	0.040495	0.189628	0.589104	0.350955	0.278074
1591.095703	0.100216	0.041664	0.188602	0.594226	0.337797	0.280415
1588.550781	0.099793	0.044571	0.18812	0.596659	0.326018	0.276529
1586.005859	0.101444	0.045509	0.191787	0.593854	0.324544	0.28148
1583.460938	0.104739	0.04658	0.192569	0.591929	0.317023	0.287859
1580.914063	0.108328	0.048719	0.193739	0.593094	0.325213	0.29206
1578.367188	0.111717	0.048206	0.194685	0.58545	0.33069	0.2899
1575.820313	0.115903	0.045707	0.19773	0.578151	0.339516	0.287455
1573.271484	0.122096	0.044596	0.20048	0.579161	0.332976	0.283015
1570.722656	0.125495	0.046836	0.203318	0.576794	0.334528	0.273011
1568.171875	0.122678	0.04831	0.203442	0.573989	0.31649	0.26517
1565.621094	0.120587	0.047967	0.20392	0.570782	0.31778	0.266769
1563.070313	0.122084	0.047562	0.200973	0.569445	0.308912	0.27218
1560.517578	0.126321	0.046285	0.201931	0.572195	0.312398	0.282776
1557.964844	0.127766	0.047129	0.203941	0.571951	0.314234	0.289748
1555.410156	0.12668	0.049021	0.209118	0.578605	0.32776	0.302631
1552.855469	0.125104	0.051967	0.213763	0.587244	0.330004	0.302998
1550.300781	0.122807	0.059033	0.219457	0.590859	0.338789	0.291747
1547.744141	0.111997	0.063171	0.218134	0.592643	0.328946	0.279062
1545.1875	0.104633	0.062516	0.21655	0.588508	0.329106	0.266647
1542.628906	0.099434	0.060186	0.215394	0.585627	0.325827	0.265779
1540.070313	0.09793	0.057952	0.213821	0.577354	0.317151	0.268909
1537.511719	0.094089	0.056262	0.211933	0.568205	0.312286	0.274111
1534.951172	0.090163	0.052284	0.210001	0.561496	0.317652	0.283937
1532.388672	0.086242	0.052638	0.210068	0.56712	0.32708	0.288318
1529.828125	0.085598	0.057901	0.206045	0.570047	0.332065	0.28311
1527.265625	0.082652	0.057021	0.201763	0.574642	0.329085	0.278858
1524.701172	0.079801	0.054071	0.200521	0.581163	0.322783	0.276651
1522.138672	0.079253	0.052195	0.201549	0.584892	0.330372	0.280043
1519.572266	0.078316	0.049185	0.198955	0.580941	0.322595	0.283737
1517.007813	0.076767	0.048493	0.199442	0.576354	0.316114	0.277317
1514.441406	0.074029	0.044974	0.197664	0.574179	0.320346	0.276284
1511.873047	0.070934	0.0464	0.198171	0.577351	0.321037	0.277839
1509.304688	0.068177	0.048915	0.194578	0.57447	0.323229	0.278844
1506.736328	0.06575	0.044674	0.192145	0.581315	0.322546	0.286411
1504.166016	0.06382	0.042637	0.190841	0.590986	0.321388	0.291313
1501.595703	0.063573	0.042597	0.19093	0.589017	0.325952	0.300921
1499.025391	0.064441	0.041905	0.191419	0.589665	0.321422	0.303208
1496.453125	0.065843	0.04295	0.191726	0.586942	0.316867	0.298161
1493.880859	0.067107	0.041151	0.189822	0.587746	0.318255	0.296074
1491.306641	0.067614	0.040641	0.189814	0.584348	0.314931	0.292399
1488.732422	0.063998	0.039758	0.188943	0.587705	0.320005	0.290719
1486.15625	0.061578	0.036322	0.187009	0.593198	0.32343	0.288421
1483.582031	0.060091	0.035665	0.185258	0.595101	0.321698	0.287542
1481.003906	0.059545	0.0376	0.185418	0.593172	0.314557	0.285748
1478.427734	0.059114	0.037228	0.186159	0.593612	0.31424	0.283245
1475.847656	0.058585	0.038135	0.186433	0.588634	0.311518	0.282575
1473.269531	0.059391	0.039945	0.185321	0.589807	0.310644	0.277166
1470.689453	0.059707	0.041747	0.186892	0.591811	0.310117	0.271391
1468.109375	0.059285	0.039055	0.188426	0.593308	0.312023	0.268469
1465.527344	0.062678	0.03622	0.189285	0.586556	0.314153	0.263695
1462.945313	0.065272	0.036378	0.189156	0.58115	0.305013	0.265342
1460.361328	0.067215	0.038312	0.188921	0.57935	0.304658	0.26793
1457.777344	0.066592	0.038812	0.188392	0.578732	0.309575	0.271835
1455.193359	0.064789	0.042452	0.189464	0.57594	0.316604	0.280105
1452.607422	0.061196	0.045028	0.189182	0.582179	0.3262	0.274543
1450.021484	0.057216	0.046429	0.186939	0.59167	0.330951	0.27267
1447.433594	0.056052	0.040993	0.184697	0.590679	0.328379	0.271377
1444.845703	0.054384	0.039865	0.181708	0.590381	0.332165	0.273011
1442.257813	0.055448	0.040351	0.180545	0.593078	0.323834	0.276223
1439.667969	0.056739	0.042747	0.180635	0.59165	0.328709	0.279757
1437.078125	0.060045	0.040828	0.181775	0.592794	0.327517	0.279642
1434.486328	0.065307	0.042028	0.183265	0.588783	0.320454	0.28025
1431.894531	0.065426	0.041582	0.185688	0.587333	0.32134	0.27154
1429.302734	0.064267	0.042178	0.185858	0.589666	0.326515	0.264044
1426.708984	0.065004	0.041712	0.185533	0.586674	0.325751	0.255638
1424.113281	0.060183	0.044319	0.185304	0.582303	0.33197	0.255711
1421.519531	0.057443	0.045823	0.185121	0.579996	0.327667	0.258984
1418.923828	0.055754	0.045615	0.186251	0.575879	0.33006	0.261108
1416.326172	0.05545	0.042343	0.186811	0.577113	0.320487	0.26428
1413.728516	0.058111	0.043558	0.18459	0.571756	0.311302	0.265124
1411.130859	0.058622	0.042995	0.183181	0.571152	0.311779	0.270227
1408.53125	0.057581	0.043298	0.183899	0.573326	0.316798	0.269032
1405.931641	0.060661	0.042536	0.183177	0.578765	0.320544	0.275675
1403.330078	0.057874	0.04079	0.184148	0.577468	0.324126	0.283946
1400.728516	0.054356	0.036854	0.18434	0.579449	0.327614	0.284597
1398.126953	0.052053	0.031917	0.184716	0.575669	0.321516	0.278302
1395.523438	0.049995	0.029359	0.185384	0.570378	0.316882	0.266862
1392.919922	0.049689	0.02961	0.185958	0.564722	0.331776	0.254745
1390.314453	0.049627	0.029102	0.185304	0.562153	0.33315	0.247195
1387.708984	0.046229	0.03101	0.185782	0.55491	0.330239	0.244474
1385.103516	0.047193	0.028695	0.186291	0.554981	0.334688	0.249618
1382.496094	0.045973	0.027513	0.187543	0.558882	0.333817	0.251518
1379.886719	0.045229	0.025814	0.187702	0.565116	0.3317	0.25484
1377.279297	0.046141	0.025738	0.188086	0.571916	0.312759	0.255388
1374.669922	0.046761	0.022806	0.189113	0.575646	0.306126	0.251382
1372.058594	0.04617	0.021538	0.189537	0.584225	0.313241	0.250398
1369.447266	0.045535	0.019126	0.188446	0.585202	0.309962	0.247517
1366.835938	0.04145	0.019348	0.187882	0.583341	0.321048	0.250987
1364.222656	0.041028	0.018888	0.188467	0.578429	0.329613	0.249536
1361.609375	0.040545	0.019393	0.18724	0.577766	0.335642	0.249853
1358.994141	0.038809	0.022147	0.186243	0.574163	0.339919	0.252025
1356.378906	0.036597	0.02492	0.185809	0.567639	0.334198	0.250962
1353.761719	0.032394	0.023332	0.184691	0.565074	0.318197	0.256131
1351.146484	0.031236	0.022105	0.184504	0.566875	0.318801	0.259654
1348.527344	0.029514	0.019666	0.186124	0.563971	0.308443	0.262899
1345.910156	0.028482	0.018278	0.187711	0.570411	0.324322	0.273923
1343.289063	0.030546	0.015365	0.189632	0.568777	0.323752	0.27124
1340.669922	0.029855	0.01259	0.190946	0.574616	0.3347	0.270475
1338.048828	0.028258	0.009802	0.192216	0.572616	0.334038	0.266216
1335.427734	0.023834	0.008686	0.192949	0.565665	0.325373	0.25954
1332.804688	0.019001	0.007618	0.193008	0.565273	0.312282	0.258952
1330.181641	0.019615	0.007839	0.193608	0.562279	0.308448	0.251421
1327.556641	0.018905	0.009167	0.192522	0.560578	0.299478	0.247249
1324.931641	0.021135	0.011291	0.190217	0.565392	0.313579	0.253452
1322.304688	0.024088	0.013099	0.188585	0.56789	0.305473	0.250848
1319.677734	0.026312	0.012727	0.188018	0.571117	0.314707	0.25336
1317.050781	0.026296	0.011538	0.187137	0.570492	0.31053	0.255657
1314.421875	0.023459	0.009224	0.1885	0.572109	0.307065	0.259772
1311.792969	0.019571	0.008636	0.188357	0.571649	0.302242	0.264064
1309.164063	0.018019	0.007508	0.189134	0.564187	0.300594	0.264051
1306.533203	0.014867	0.006668	0.190133	0.559108	0.309581	0.267115
1303.900391	0.01304	0.007664	0.187404	0.559328	0.310057	0.273476
1301.267578	0.015503	0.00967	0.184561	0.555584	0.30963	0.278981
1298.634766	0.015321	0.008574	0.182897	0.552065	0.318702	0.290685
1296	0.016012	0.008776	0.183455	0.555187	0.316467	0.295971
1293.365234	0.017852	0.004709	0.184256	0.557281	0.319016	0.301723
1290.730469	0.017148	0.005367	0.185161	0.555968	0.3138	0.307636
1288.09375	0.019589	0.007143	0.187707	0.555216	0.312604	0.311293
1285.455078	0.01487	0.008537	0.193219	0.558636	0.303499	0.312956
1282.816406	0.01124	0.010434	0.192927	0.564442	0.290733	0.307826
1280.177734	0.009032	0.01011	0.192355	0.561814	0.289686	0.316021
1277.539063	0.006113	0.009544	0.191431	0.561784	0.285483	0.333472
1274.898438	0.003964	0.009514	0.190907	0.560718	0.286754	0.345706
1272.255859	0.003198	0.007026	0.190376	0.556681	0.303394	0.357696
1269.613281	0.005203	0.006445	0.191122	0.550657	0.311418	0.377855
1266.970703	0.00989	0.005405	0.190455	0.553328	0.322349	0.397142
1264.326172	0.008899	0.005102	0.192517	0.55524	0.321345	0.418963
1261.681641	0.010063	0.00469	0.194204	0.554975	0.323083	0.438131
1259.035156	0.008518	0.000896	0.196365	0.554084	0.324127	0.467501
1256.388672	0.005257	0.001185	0.196688	0.550831	0.316243	0.495183
1253.742188	0.001922	0.002321	0.201419	0.546677	0.32488	0.51722
1251.09375	0	0.002149	0.206125	0.548212	0.333127	0.531963
1248.443359	0.00381	0.003559	0.211634	0.547431	0.332542	0.54872
1245.794922	0.005976	0.002684	0.215869	0.55081	0.341921	0.564037
1243.142578	0.007069	0.006358	0.224572	0.554755	0.341326	0.587345
1240.492188	0.009443	0.005792	0.231583	0.554702	0.344444	0.612537
1237.839844	0.009044	0.005131	0.23607	0.555419	0.35426	0.634373
1235.185547	0.006448	0.003963	0.239435	0.55551	0.356731	0.660268
1232.53125	0.011462	0.002022	0.246673	0.55151	0.374003	0.682907
1229.876953	0.014336	0.001347	0.248349	0.553802	0.384997	0.697007
1227.220703	0.018154	0	0.254278	0.550155	0.398334	0.704724
1224.564453	0.020673	0.001605	0.261119	0.551564	0.416413	0.703636
1221.908203	0.024859	0.003743	0.268828	0.555295	0.432848	0.705497
1219.25	0.029465	0.005417	0.274467	0.556127	0.459064	0.702998
1216.589844	0.033408	0.004103	0.279388	0.551235	0.488444	0.692979
1213.929688	0.038616	0.001665	0.281274	0.550252	0.506799	0.692192
1211.269531	0.048424	0.003205	0.28304	0.547748	0.541856	0.681426
1208.607422	0.054031	0.004647	0.279462	0.547361	0.562959	0.672519
1205.945313	0.058432	0.004206	0.276475	0.546494	0.57619	0.654297
1203.28125	0.065144	0.009131	0.271252	0.55019	0.605612	0.635416
1200.617188	0.074914	0.009214	0.263711	0.552106	0.631859	0.626745
1197.953125	0.082781	0.009271	0.256441	0.55466	0.656897	0.625825
1195.287109	0.092868	0.004973	0.246535	0.556345	0.679129	0.613824
1192.621094	0.105174	0.005388	0.236858	0.556435	0.701434	0.607402
1189.953125	0.117769	0.008466	0.227361	0.553123	0.733487	0.587546
1187.285156	0.13177	0.008481	0.219491	0.546775	0.758199	0.578499
1184.615234	0.148036	0.011727	0.213359	0.544108	0.788804	0.552897
1181.945313	0.164648	0.01505	0.209784	0.538341	0.833271	0.533343
1179.275391	0.179874	0.016175	0.207408	0.530423	0.8635	0.517021
1176.603516	0.191183	0.017388	0.205213	0.529495	0.87868	0.510985
1173.929688	0.20637	0.018357	0.20537	0.540608	0.893487	0.491445
1171.255859	0.219928	0.020546	0.210772	0.539438	0.904871	0.479282
1168.582031	0.236354	0.022291	0.213539	0.541967	0.912491	0.466619
1165.908203	0.254359	0.023455	0.220145	0.543026	0.91419	0.461437
1163.230469	0.272656	0.02888	0.22663	0.543817	0.920462	0.449654
1160.554688	0.289542	0.032817	0.230701	0.540762	0.910679	0.45061
1157.876953	0.307651	0.036288	0.237476	0.527452	0.912723	0.457756
1155.199219	0.324864	0.042449	0.242004	0.524262	0.914884	0.46806
1152.519531	0.340822	0.047519	0.250143	0.529731	0.927269	0.477909
1149.839844	0.356474	0.051894	0.260334	0.530128	0.942438	0.484409
1147.158203	0.372686	0.059015	0.272397	0.531616	0.93997	0.500094
1144.476563	0.387902	0.067531	0.287826	0.531773	0.912798	0.511859
1141.792969	0.401129	0.077308	0.303193	0.525881	0.879631	0.527807
1139.109375	0.413602	0.0887	0.318597	0.519124	0.837767	0.547046
1136.425781	0.431691	0.098601	0.340145	0.507324	0.811744	0.570932
1133.740234	0.451722	0.114556	0.358815	0.506719	0.794054	0.582114
1131.054688	0.470543	0.128332	0.378851	0.505842	0.784871	0.604365
1128.367188	0.496729	0.147745	0.399331	0.510109	0.777722	0.621477
1125.679688	0.524217	0.169407	0.423401	0.508746	0.759125	0.645298
1122.990234	0.558695	0.196596	0.447889	0.507086	0.738508	0.663603
1120.300781	0.58962	0.222238	0.470301	0.507079	0.730867	0.691794
1117.609375	0.618941	0.252443	0.49516	0.503338	0.731071	0.710607
1114.917969	0.653081	0.2849	0.526134	0.503023	0.742817	0.727971
1112.226563	0.691573	0.322153	0.558137	0.503974	0.765651	0.730757
1109.533203	0.727023	0.357191	0.588458	0.501687	0.799596	0.746493
1106.839844	0.766911	0.396665	0.61573	0.506918	0.816445	0.756489
1104.144531	0.808067	0.434085	0.647416	0.511394	0.827176	0.758873
1101.449219	0.851582	0.475684	0.674397	0.509726	0.833399	0.758583
1098.753906	0.891808	0.514278	0.70244	0.516529	0.856295	0.761212
1096.056641	0.920217	0.557387	0.731177	0.511609	0.871742	0.767584
1093.357422	0.951437	0.602197	0.767232	0.513109	0.896545	0.772032
1090.658203	0.975223	0.650903	0.799646	0.513247	0.922755	0.777692
1087.958984	0.987915	0.696746	0.827616	0.51183	0.954459	0.784746
1085.257813	0.996626	0.744768	0.856891	0.516854	0.975064	0.78984
1082.556641	0.99882	0.792728	0.889941	0.519136	0.979523	0.789926
1079.853516	1	0.841072	0.920269	0.51411	0.987496	0.794529
1077.150391	0.986169	0.884689	0.950194	0.514299	0.990839	0.794142
1074.447266	0.962338	0.923864	0.972811	0.51571	0.998276	0.804711
1071.742188	0.938411	0.960903	0.99435	0.518906	1	0.799502
1069.035156	0.911826	0.986831	1	0.516256	0.998249	0.794559
1066.330078	0.876383	0.997082	0.988618	0.516214	0.993662	0.777698
1063.621094	0.842403	1	0.976454	0.52178	0.985796	0.754275
1060.914063	0.811804	0.989194	0.960926	0.520588	0.967946	0.727617
1058.203125	0.783148	0.961539	0.942014	0.515315	0.946989	0.709157
1055.494141	0.750179	0.927132	0.915599	0.516848	0.915915	0.680639
1052.783203	0.723209	0.893602	0.887657	0.520374	0.893645	0.660039
1050.070313	0.702483	0.862019	0.863345	0.51828	0.86642	0.627196
1047.357422	0.686733	0.825009	0.832865	0.515384	0.841062	0.603559
1044.644531	0.665364	0.794166	0.796537	0.514612	0.797566	0.583187
1041.929688	0.649218	0.765849	0.771042	0.518101	0.763693	0.555208
1039.214844	0.630862	0.736126	0.746079	0.51678	0.735542	0.540793
1036.498047	0.607785	0.702869	0.721127	0.514215	0.705973	0.531856
1033.78125	0.585555	0.671412	0.693844	0.515505	0.680393	0.522577
1031.0625	0.559713	0.640104	0.663959	0.514979	0.64881	0.516063
1028.34375	0.542493	0.607295	0.637171	0.512911	0.621249	0.504257
1025.625	0.523689	0.578344	0.611171	0.511194	0.597062	0.496177
1022.904297	0.514249	0.55063	0.593075	0.506082	0.557963	0.484338
1020.181641	0.511196	0.523948	0.579248	0.505664	0.529807	0.468146
1017.458984	0.510357	0.499889	0.567592	0.506769	0.504749	0.456926
1014.736328	0.521385	0.478127	0.563137	0.507661	0.484816	0.450017
1012.011719	0.5349	0.459482	0.555252	0.513709	0.475663	0.446104
1009.287109	0.546323	0.444604	0.548571	0.517974	0.452684	0.446908
1006.560547	0.552392	0.439746	0.542612	0.522555	0.442292	0.454878
1003.833984	0.550028	0.441758	0.53181	0.530724	0.434283	0.461394
1001.107422	0.543324	0.441835	0.522563	0.53591	0.422284	0.468899
998.378906	0.526424	0.446061	0.507517	0.542125	0.403	0.475147
995.648438	0.508744	0.452083	0.493019	0.552177	0.392255	0.476487
992.917969	0.491096	0.459924	0.483058	0.562688	0.392663	0.489349
990.1875	0.46665	0.471831	0.471706	0.586951	0.399403	0.499648
987.455078	0.442238	0.483714	0.464795	0.610311	0.389806	0.515085
984.722656	0.413806	0.495689	0.458355	0.643951	0.383653	0.52315
981.988281	0.391359	0.501165	0.454695	0.681102	0.377126	0.523396
979.253906	0.369007	0.500171	0.455703	0.716036	0.369169	0.519056
976.519531	0.343812	0.499645	0.459577	0.743298	0.364098	0.507151
973.783203	0.329515	0.496277	0.470161	0.768461	0.372704	0.497348
971.044922	0.311323	0.48779	0.484006	0.781275	0.389231	0.487182
968.306641	0.29402	0.475516	0.494367	0.796591	0.402421	0.477682
965.568359	0.279847	0.464079	0.498861	0.807873	0.408651	0.466763
962.828125	0.26323	0.451706	0.49832	0.818438	0.416042	0.451699
960.087891	0.251111	0.43727	0.495844	0.823077	0.428536	0.439804
957.345703	0.239841	0.42663	0.490551	0.828505	0.425465	0.431754
954.603516	0.223572	0.422101	0.484007	0.8339	0.428842	0.426468
951.859375	0.211246	0.417469	0.475674	0.833557	0.433419	0.427379
949.115234	0.200727	0.408215	0.461801	0.828361	0.428116	0.421502
946.371094	0.193887	0.399637	0.447852	0.818188	0.420155	0.423624
943.625	0.182701	0.397812	0.429154	0.807467	0.407335	0.424795
940.876953	0.172418	0.399367	0.411454	0.785433	0.40875	0.430056
938.128906	0.164709	0.402548	0.399027	0.76317	0.415485	0.428578
935.380859	0.160947	0.40871	0.394161	0.733572	0.412821	0.436075
932.630859	0.155929	0.413566	0.394632	0.710629	0.423866	0.438746
929.880859	0.151063	0.413626	0.396673	0.680137	0.440581	0.452277
927.128906	0.148889	0.401268	0.396625	0.660076	0.444573	0.472252
924.376953	0.145725	0.381796	0.393728	0.640496	0.445444	0.493297
921.623047	0.130192	0.35685	0.385694	0.631587	0.455649	0.510274
918.869141	0.119416	0.328482	0.374401	0.621121	0.458601	0.526352
916.115234	0.106914	0.301786	0.356223	0.620646	0.466444	0.535984
913.359375	0.09486	0.274268	0.330476	0.612886	0.477187	0.543078
910.601563	0.082062	0.252318	0.303783	0.609733	0.481009	0.555947
907.84375	0.071687	0.235613	0.277364	0.600191	0.488115	0.578463
905.085938	0.065914	0.21997	0.253846	0.593912	0.486298	0.607557
902.326172	0.067811	0.206831	0.235769	0.584559	0.486967	0.631378
899.566406	0.06945	0.200501	0.232428	0.578033	0.492346	0.648643
896.804688	0.085276	0.200007	0.241525	0.569487	0.496185	0.664988
894.042969	0.104094	0.203832	0.261656	0.572914	0.515549	0.681392
891.279297	0.128626	0.207375	0.290155	0.569605	0.546766	0.691292
888.515625	0.150624	0.216182	0.323552	0.572059	0.560912	0.710993
885.75	0.175697	0.22282	0.355308	0.572271	0.576828	0.718861
882.984375	0.202899	0.225151	0.385907	0.571083	0.591242	0.731251
880.21875	0.232948	0.22561	0.40878	0.567407	0.60685	0.732784
877.451172	0.258799	0.228691	0.433711	0.560563	0.616281	0.727379
874.683594	0.27953	0.230941	0.458697	0.556137	0.642341	0.725055
871.914063	0.293867	0.231402	0.488761	0.557609	0.678441	0.731721
869.142578	0.3036	0.235021	0.516282	0.552909	0.717983	0.738797
866.373047	0.305356	0.244439	0.544055	0.552257	0.746435	0.739242
863.599609	0.308014	0.251117	0.564495	0.544411	0.766171	0.733604
860.828125	0.310794	0.256984	0.576917	0.538896	0.772743	0.734523
858.052734	0.320246	0.260533	0.575839	0.537519	0.772496	0.724899
855.279297	0.334144	0.264943	0.567246	0.532368	0.770736	0.727377
852.503906	0.343258	0.269649	0.555665	0.534664	0.770837	0.732249
849.726563	0.354818	0.271226	0.54302	0.539307	0.781466	0.744825
846.949219	0.363488	0.275665	0.528168	0.543203	0.793566	0.75765
844.171875	0.371285	0.280461	0.520196	0.542359	0.804486	0.762255
841.392578	0.384156	0.285451	0.512901	0.537453	0.822505	0.770372
838.611328	0.396069	0.291324	0.506839	0.543737	0.830654	0.783588
835.832031	0.410239	0.29498	0.501322	0.547147	0.842196	0.795721
833.048828	0.423017	0.298624	0.494007	0.547953	0.847305	0.815608
830.265625	0.43514	0.30645	0.491739	0.55033	0.848111	0.833802
827.482422	0.437488	0.310677	0.487359	0.552507	0.857446	0.855909
824.697266	0.435769	0.310218	0.487684	0.552161	0.864149	0.88499
821.912109	0.426978	0.305782	0.490624	0.548417	0.869944	0.912945
819.126953	0.416811	0.302289	0.495679	0.544295	0.882138	0.940562
816.339844	0.406493	0.297161	0.502793	0.54096	0.891325	0.968259
813.550781	0.399678	0.291335	0.510279	0.533337	0.901785	0.986824
810.761719	0.397854	0.284832	0.515361	0.533094	0.907215	0.995335
807.970703	0.402605	0.283198	0.51945	0.528162	0.908548	1
805.181641	0.402524	0.279953	0.519347	0.526035	0.913118	0.996109
802.388672	0.40764	0.274337	0.52044	0.529795	0.926091	0.989549
799.595703	0.41016	0.271272	0.516183	0.530386	0.937285	0.964499
796.802734	0.40994	0.269044	0.512491	0.529249	0.947689	0.938117
794.007813	0.408555	0.268177	0.509884	0.523624	0.953798	0.911843
791.212891	0.403529	0.266515	0.503993	0.519414	0.967415	0.883489
788.416016	0.391731	0.265956	0.500607	0.521106	0.972696	0.87039
785.619141	0.377698	0.264761	0.500271	0.522851	0.959017	0.863892
782.820313	0.360743	0.25817	0.50121	0.520701	0.945151	0.861534
780.021484	0.348686	0.255038	0.500525	0.523255	0.939963	0.862465
777.220703	0.344973	0.250463	0.495336	0.525124	0.929451	0.865121
774.419922	0.344947	0.247444	0.495433	0.521959	0.932773	0.870143
771.619141	0.348408	0.245423	0.493917	0.51558	0.923867	0.872581
768.816406	0.354394	0.241258	0.490245	0.508266	0.945799	0.867767
766.011719	0.358276	0.241319	0.490717	0.502902	0.951087	0.86269
763.207031	0.364033	0.24124	0.496733	0.501035	0.958335	0.850393
760.402344	0.365493	0.240623	0.50417	0.491316	0.963149	0.837732
757.595703	0.375529	0.246576	0.509179	0.490134	0.958443	0.824539
754.787109	0.387683	0.253815	0.512246	0.49903	0.947586	0.823968
751.980469	0.396561	0.261366	0.516944	0.503946	0.93727	0.819844
749.169922	0.409902	0.270766	0.519439	0.506091	0.91172	0.816765
746.359375	0.425142	0.282786	0.522624	0.506684	0.909876	0.821179
743.548828	0.438055	0.297428	0.5344	0.507583	0.894637	0.811838
740.738281	0.449178	0.316798	0.54823	0.501514	0.89388	0.809929
737.923828	0.461481	0.337548	0.56115	0.495045	0.888956	0.803285
735.111328	0.476515	0.359681	0.573037	0.490379	0.878715	0.788646
732.294922	0.48475	0.385799	0.587066	0.495621	0.870512	0.772016
729.480469	0.491996	0.407298	0.598759	0.494055	0.865976	0.766141
726.664063	0.49521	0.425148	0.609425	0.492487	0.860306	0.762228
723.845703	0.491799	0.434675	0.61764	0.493581	0.870566	0.76789
721.027344	0.481317	0.43152	0.625803	0.500535	0.883027	0.761153
718.208984	0.466734	0.418414	0.626511	0.50405	0.901493	0.760046
715.388672	0.454428	0.398841	0.623189	0.513942	0.908006	0.746418
712.566406	0.441118	0.379088	0.623435	0.51571	0.908379	0.730349
709.744141	0.425358	0.3661	0.626938	0.517732	0.907318	0.718506
706.921875	0.41341	0.355945	0.630064	0.512989	0.888083	0.718796
704.097656	0.394863	0.349591	0.637905	0.506172	0.86183	0.718472
701.273438	0.373105	0.342419	0.643815	0.501039	0.847032	0.720424
698.447266	0.3562	0.33636	0.648116	0.50138	0.837047	0.724751
695.621094	0.335169	0.326014	0.653146	0.503772	0.835488	0.732778
692.792969	0.316461	0.314966	0.656944	0.513826	0.846425	0.741687
689.964844	0.295624	0.304674	0.661112	0.519325	0.85415	0.756402
687.134766	0.274989	0.29636	0.658337	0.518784	0.869234	0.771356
684.304688	0.256377	0.286685	0.649751	0.527668	0.874	0.783471
681.472656	0.233518	0.274131	0.636075	0.525187	0.869734	0.79267
678.640625	0.216374	0.256853	0.612567	0.52845	0.869475	0.79676
675.806641	0.205817	0.239821	0.585645	0.532366	0.879652	0.798221
672.972656	0.195611	0.220958	0.558636	0.532598	0.888695	0.794592
670.138672	0.190657	0.201301	0.533938	0.538798	0.901503	0.783123
667.302734	0.187381	0.184206	0.516162	0.543515	0.909453	0.774221
664.464844	0.189071	0.174966	0.501135	0.544347	0.927376	0.758564
661.626953	0.193311	0.16615	0.489453	0.548065	0.933996	0.747782
658.789063	0.192498	0.162152	0.479687	0.545893	0.923877	0.744743
655.949219	0.192923	0.15994	0.472539	0.549584	0.914399	0.736852
653.107422	0.188019	0.158453	0.468153	0.550265	0.906024	0.730022
650.265625	0.181557	0.157426	0.462728	0.544087	0.876947	0.718701
647.423828	0.174742	0.155074	0.45528	0.543339	0.842236	0.70357
644.580078	0.163882	0.148563	0.44953	0.545818	0.818594	0.69173
641.736328	0.159296	0.142423	0.43913	0.537458	0.783267	0.682223
638.890625	0.156359	0.133983	0.428719	0.522757	0.745254	0.679331
636.044922	0.155571	0.132025	0.41496	0.514837	0.716693	0.681664
633.197266	0.156715	0.126634	0.404911	0.508	0.698253	0.679366
630.347656	0.154934	0.12247	0.395855	0.505227	0.695724	0.68751
627.5	0.151513	0.114998	0.386625	0.508209	0.691967	0.698238
624.648438	0.151722	0.108844	0.376847	0.514533	0.695256	0.705216
621.798828	0.148866	0.101555	0.372531	0.520957	0.688273	0.706112
618.947266	0.15099	0.0943	0.368408	0.504581	0.669489	0.710801
616.09375	0.149294	0.092438	0.367691	0.473953	0.64288	0.703531
613.240234	0.151626	0.093628	0.363199	0.438601	0.624769	0.690205
610.384766	0.151744	0.092049	0.362627	0.404179	0.609646	0.666648
607.529297	0.14948	0.094809	0.359745	0.382271	0.60928	0.643605
604.671875	0.151042	0.095392	0.357106	0.371253	0.618622	0.629512
601.814453	0.153978	0.097977	0.357697	0.371756	0.632151	0.61345
598.957031	0.15475	0.103178	0.36149	0.391258	0.637587	0.608411
596.097656	0.154021	0.106346	0.366351	0.411397	0.650692	0.605452
593.236328	0.153233	0.111016	0.370035	0.424877	0.651258	0.598453
590.375	0.155141	0.113309	0.372551	0.447388	0.668499	0.590467
587.513672	0.153924	0.112932	0.377252	0.47167	0.670977	0.576844
584.650391	0.155246	0.10966	0.377008	0.497972	0.680443	0.558229
581.785156	0.15866	0.109034	0.372404	0.513916	0.670732	0.547705
578.919922	0.158394	0.110332	0.369912	0.526941	0.659854	0.534618
576.054688	0.157435	0.111942	0.366081	0.548626	0.634804	0.537076
573.1875	0.158507	0.117292	0.36429	0.560342	0.611258	0.533257
570.318359	0.161252	0.122738	0.359364	0.561	0.592084	0.532415
567.451172	0.162743	0.127498	0.355577	0.573805	0.580252	0.532002
564.580078	0.161723	0.130122	0.353839	0.583245	0.560784	0.53138
561.708984	0.162473	0.128269	0.349349	0.59593	0.55023	0.529999
558.837891	0.163205	0.12966	0.344703	0.609371	0.522128	0.525615
555.964844	0.162573	0.129611	0.344208	0.625641	0.520513	0.517043
553.091797	0.162248	0.129906	0.343987	0.650793	0.511015	0.509858
550.216797	0.1636	0.135901	0.34419	0.661267	0.504009	0.501838
547.341797	0.167921	0.1361	0.342893	0.671444	0.50769	0.499019
544.464844	0.180681	0.136775	0.346529	0.690794	0.498736	0.493199
541.587891	0.209249	0.138338	0.352794	0.707166	0.48985	0.482333
538.708984	0.262538	0.151127	0.364838	0.728898	0.480641	0.483162
535.830078	0.313284	0.177972	0.38146	0.754395	0.467756	0.477247
532.949219	0.339405	0.206465	0.394765	0.778274	0.470989	0.467067
530.068359	0.338805	0.226193	0.398795	0.806679	0.465005	0.453108
527.185547	0.307788	0.227026	0.388198	0.827405	0.458388	0.442024
524.302734	0.257269	0.205971	0.371737	0.857212	0.464186	0.431883
521.417969	0.20172	0.167801	0.352609	0.896661	0.465827	0.416523
518.533203	0.164363	0.122939	0.333241	0.943528	0.460245	0.405325
515.646484	0.152923	0.093676	0.319417	0.987441	0.464705	0.404924
512.759766	0.143536	0.080595	0.303331	1	0.455094	0.401491
509.871094	0.131483	0.076071	0.288405	0.953871	0.444095	0.399607
506.982422	0.123182	0.071429	0.268654	0.844869	0.434987	0.398312
504.09375	0.113478	0.06941	0.240302	0.67448	0.424218	0.398287
501.201172	0.107311	0.06813	0.213675	0.478171	0.431856	0.396393
498.310547	0.104295	0.072208	0.18788	0.290979	0.447493	0.398438
495.417969	0.114003	0.104258	0.17339	0.143534	0.464027	0.407285
492.523438	0.140908	0.168792	0.175019	0.052388	0.495599	0.414928
489.628906	0.197171	0.233663	0.183862	0.011164	0.518139	0.423822
486.732422	0.278785	0.281617	0.202974	0	0.532549	0.429512
483.835938	0.348755	0.296579	0.214118	0.00748	0.552413	0.436717
480.939453	0.384592	0.278861	0.212484	0.019229	0.563085	0.443451
478.041016	0.378781	0.228465	0.200859	0.033649	0.55388	0.443171
475.140625	0.332355	0.171413	0.18007	0.046727	0.539718	0.451664
472.240234	0.261087	0.13332	0.159389	0.051238	0.524368	0.458441
469.339844	0.191244	0.119172	0.149222	0.054333	0.518627	0.456052
466.4375	0.148913	0.115554	0.14481	0.05538	0.521941	0.457597
463.533203	0.134295	0.11954	0.149289	0.056915	0.532164	0.458617
460.628906	0.124559	0.124716	0.149905	0.063971	0.556665	0.469208
457.722656	0.118653	0.13198	0.151761	0.072868	0.607031	0.477503
454.816406	0.114289	0.138687	0.156019	0.084543	0.64103	0.477504
451.910156	0.11609	0.145507	0.164332	0.100754	0.67085	0.467852
449.001953	0.119814	0.152693	0.173219	0.111345	0.688409	0.450829
446.091797	0.127992	0.157706	0.185596	0.120628	0.704399	0.424113
443.181641	0.132292	0.163629	0.197311	0.129998	0.692757	0.401803
440.271484	0.133612	0.169175	0.20981	0.139698	0.672163	0.380584
437.359375	0.13182	0.173776	0.214858	0.153959	0.632128	0.367506
434.445313	0.130511	0.176965	0.21745	0.172607	0.598675	0.353276
431.53125	0.128478	0.178865	0.219361	0.19278	0.558527	0.338976
428.617188	0.130002	0.178625	0.219638	0.204849	0.51262	0.320521
425.701172	0.132572	0.17891	0.220336	0.214189	0.471006	0.308234
422.785156	0.133673	0.175789	0.221209	0.223022	0.446085	0.303297
419.867188	0.134949	0.177314	0.223911	0.230662	0.426913	0.305104
416.947266	0.135805	0.180408	0.224993	0.239197	0.421963	0.307438
414.027344	0.136177	0.182872	0.227523	0.246552	0.404868	0.31129
411.107422	0.137291	0.184066	0.228855	0.261981	0.393646	0.318594
408.185547	0.137164	0.186819	0.230069	0.268193	0.381841	0.322464
405.261719	0.131857	0.186948	0.229908	0.270099	0.364131	0.319903
402.337891	0.12835	0.186668	0.228052	0.271503	0.349353	0.319097
399.414063	0.119433	0.186975	0.225867	0.273616	0.347774	0.321032
396.488281	0.114744	0.197193	0.226034	0.272132	0.358007	0.331006
393.560547	0.110639	0.214155	0.221486	0.275364	0.371381	0.338762
390.634766	0.110223	0.234359	0.221203	0.27953	0.381501	0.344041
387.705078	0.113424	0.261925	0.220811	0.29517	0.393141	0.359415
384.775391	0.113923	0.290815	0.223423	0.302891	0.407688	0.365431
381.845703	0.113521	0.319869	0.228795	0.315396	0.413601	0.369622
378.914063	0.113803	0.345302	0.23014	0.319094	0.420188	0.380079
375.980469	0.113795	0.361994	0.23099	0.323516	0.426079	0.385826
373.046875	0.116358	0.370347	0.234818	0.324271	0.430496	0.396783
370.113281	0.118617	0.365587	0.236927	0.329551	0.425714	0.40009
367.177734	0.126881	0.351133	0.239752	0.334548	0.423444	0.40331
364.240234	0.137107	0.330905	0.238974	0.346623	0.407423	0.414371
361.302734	0.14546	0.301584	0.240273	0.349326	0.410703	0.4172
358.365234	0.158589	0.276626	0.242939	0.347905	0.41814	0.424064
355.425781	0.168758	0.250016	0.241079	0.353912	0.41887	0.428706
352.486328	0.180377	0.227236	0.242357	0.360155	0.416105	0.431013
349.544922	0.192507	0.20984	0.2482	0.369688	0.407584	0.426839
346.601563	0.200719	0.196387	0.255681	0.379144	0.392535	0.411953
343.658203	0.210446	0.190693	0.265529	0.384048	0.371418	0.402378
340.714844	0.223739	0.188477	0.271892	0.38903	0.347172	0.392434
337.769531	0.239378	0.188515	0.280299	0.38998	0.341538	0.37563
334.822266	0.265393	0.189275	0.287578	0.387894	0.344648	0.371102
331.875	0.285005	0.187723	0.289883	0.393543	0.337665	0.367302
328.927734	0.305366	0.186347	0.295529	0.39553	0.343255	0.378492
325.978516	0.322221	0.185393	0.298661	0.401118	0.360469	0.388976
323.027344	0.329993	0.183341	0.301477	0.409636	0.379951	0.410678
320.076172	0.332562	0.181406	0.306512	0.417954	0.394727	0.441751
317.125	0.330333	0.175101	0.315915	0.425722	0.402701	0.459192
314.171875	0.321493	0.168853	0.33096	0.437885	0.398994	0.457347
311.216797	0.310792	0.161426	0.347555	0.446997	0.383628	0.444197
308.261719	0.294234	0.153317	0.362609	0.458627	0.342789	0.412619
305.304688	0.278851	0.147901	0.379451	0.465367	0.320372	0.382399
302.347656	0.266577	0.142316	0.395048	0.462756	0.300689	0.344597
299.390625	0.259271	0.141954	0.404213	0.459411	0.284851	0.333088
296.431641	0.257046	0.141275	0.411232	0.450857	0.274872	0.326956
293.470703	0.253565	0.140451	0.425237	0.441157	0.275999	0.32105
290.509766	0.253404	0.138335	0.436591	0.432986	0.276107	0.312865
287.546875	0.252637	0.139352	0.449314	0.421145	0.273747	0.300583
284.583984	0.261206	0.137199	0.460752	0.416636	0.266229	0.294508
281.621094	0.267761	0.137184	0.471895	0.411793	0.27338	0.284754
278.65625	0.274788	0.135259	0.48807	0.404824	0.269347	0.273909
275.689453	0.284098	0.139067	0.499271	0.401925	0.265264	0.272777
272.722656	0.289826	0.141654	0.522748	0.401913	0.262573	0.267998
269.753906	0.290805	0.143026	0.557074	0.40693	0.280023	0.25998
266.785156	0.291188	0.14257	0.58896	0.410577	0.286427	0.247365
263.814453	0.282858	0.141837	0.624579	0.405309	0.288236	0.235391
260.84375	0.276841	0.138478	0.658076	0.404908	0.287233	0.227384
257.873047	0.263938	0.136621	0.686722	0.407679	0.277382	0.218484
254.898438	0.248952	0.134401	0.710026	0.407369	0.270053	0.218234
251.925781	0.232713	0.13847	0.718452	0.406897	0.26301	0.217461
248.949219	0.212818	0.146512	0.726632	0.400495	0.267704	0.21353
245.974609	0.19244	0.152564	0.72514	0.398349	0.282854	0.209847
242.996094	0.174323	0.162307	0.71592	0.392783	0.29839	0.205037
240.019531	0.152236	0.166484	0.694014	0.388206	0.312079	0.20011
237.039063	0.134274	0.172547	0.663384	0.390391	0.316373	0.194492
234.060547	0.118858	0.176813	0.630675	0.398742	0.315358	0.19036
231.078125	0.107624	0.181119	0.593722	0.40051	0.30958	0.181868
228.097656	0.098463	0.189639	0.55479	0.400215	0.292093	0.176501
225.113281	0.089498	0.200576	0.517023	0.389093	0.270785	0.168294
222.128906	0.083084	0.213797	0.483782	0.380864	0.256852	0.164372
219.144531	0.077764	0.228893	0.457582	0.370714	0.248754	0.160533
216.158203	0.071673	0.242842	0.42936	0.364427	0.231586	0.15638
213.171875	0.064697	0.258733	0.40255	0.362915	0.225285	0.155558
210.183594	0.05518	0.270552	0.380358	0.362792	0.220412	0.151037
207.195313	0.047884	0.282104	0.35745	0.363287	0.203315	0.142336
204.205078	0.042585	0.293798	0.335499	0.366683	0.184999	0.135455
201.212891	0.036956	0.305246	0.31116	0.365294	0.165166	0.127375
198.220703	0.034005	0.316543	0.287215	0.368341	0.157497	0.116287
195.228516	0.0312	0.325113	0.264394	0.375467	0.147133	0.100442
192.234375	0.03083	0.33287	0.243582	0.382686	0.13326	0.085433
189.238281	0.02871	0.335833	0.220139	0.38834	0.130235	0.076088
186.242188	0.026196	0.337321	0.20103	0.392606	0.130362	0.063006
183.246094	0.028195	0.335349	0.181274	0.396846	0.133911	0.053125
180.248047	0.031221	0.335104	0.164843	0.400661	0.154116	0.041375
177.248047	0.031367	0.330488	0.148642	0.400989	0.182958	0.035116
174.248047	0.030469	0.326198	0.131933	0.406175	0.212345	0.02858
171.248047	0.028882	0.318359	0.11758	0.411701	0.226417	0.017448
168.246094	0.027158	0.31051	0.103657	0.415135	0.227459	0.012548
165.242188	0.026737	0.302212	0.087386	0.415538	0.199137	0.010137
162.238281	0.029069	0.291539	0.075311	0.41213	0.165243	0.00516
159.232422	0.035237	0.281712	0.06206	0.406662	0.11751	0.001823
156.226563	0.041361	0.268954	0.051398	0.407493	0.089271	0.001405
153.21875	0.044187	0.25469	0.040339	0.405977	0.064866	0.003806
150.210938	0.04585	0.244619	0.03156	0.412158	0.052522	0.005207
147.203125	0.048934	0.232774	0.024324	0.414332	0.045809	0.007326
144.191406	0.051976	0.220082	0.018149	0.413509	0.043704	0.008353
141.181641	0.057104	0.20782	0.013127	0.413499	0.033049	0.007548
138.167969	0.062856	0.192401	0.008819	0.408662	0.02568	0.005757
135.15625	0.068975	0.180469	0.005213	0.405817	0.010927	0.00149
132.140625	0.071948	0.167908	0.002555	0.405509	0.009256	0.001251
129.125	0.073311	0.161173	0	0.402175	0	0